1008,1008,2017-12-12,2450,1261,256,256,102,52,0,1008,0,0,0,24,24,0,0.23224489795918368
4294967295,4294967295,4294967295,4294967295,4294967295,4294967295,4294967295,4294967295,4294967295,4294967295,4294967295,4294967295,4294967295,4294967295,4294967295,4294967295,4294967295,4294967295,4294967295,4294967295,4294967295,4294967295,4294967295,4294967295,4294967295,4294967295,4294967295,4294967295,4294967295,4294967295,4294967295,4294967295,4290789375,4294967295,4294967295,3222274047,4294967295,4294967295,8388607,4294967168,4294967295,268435455,4294836224,4294967295,4294967295,4227858435,4294967295,4294967295,255,4294967288,4294967295,16383,4294959104,4294967295,1048575,4292870144,4294967295,67108863,0,4294965248,4294967295,0,4294836224,4294967295,255,0,4294965248,32767,0,4294443008,4194303,0,4227858432,4294967295,0,0,4294967294,4194303,0,4294967168,536870911,0,4294959104,4294967295,7,4294443008,4294967295,511,4261412864,4294967295,32767,2147483648,4294967295,4194303,0,4294967280,536870911,0,4294966272,4294967295,7,4294901760,4294967295,255,4290772992,4294967295,127,4026531840,4294967295,8191,0,4294967292,524287,0,4294967264,33554431,0,4294966272,2147483647,6,4294934528,4294967295,2047,4292870144,4294967295,524287,4160749568,4294967295,67108863,0,4294967294,4294967295,1,4294967280,4294967295,255,4294967040,4294967295,16383,4294963200,4294967295,16777215,4294705152,4294967295,4294967295,4261412864,4294967295,4294967295,4290773119,4294967295,4294967295,4290789375,4294967295,4294967295,4294967295,4294967295,4294967295,4294967295,4294967295,4294967295,4294967295,4294967295,4294967295,4294967295,4294967295,16777215








7013,62,31,0,0,0,7013,48,22,0,0,0,7013,33,18,0,0,0,7013,40,20,0,0,0,7013,55,28,0,0,0


